
cpu_count=1
duration_seconds=38.211619
cpu0_package_joules=1402.048279
cpu0_core_joules=1324.935852
cpu0_uncore_joules=8.959595
cpu0_dram_joules=60.466919

cpu_count=1
duration_seconds=46.734562
cpu0_package_joules=1502.585510
cpu0_core_joules=1424.708313
cpu0_uncore_joules=4.369690
cpu0_dram_joules=61.203369

cpu_count=1
duration_seconds=38.512827
cpu0_package_joules=1292.263123
cpu0_core_joules=1226.471741
cpu0_uncore_joules=4.974182
cpu0_dram_joules=51.779602
